0.693878141781	0.523809814442	0.001337890091	0.000000833194	0.000000243546	1.000000768613	0.000000557766	1.000000135318	0.000000380627	0.000000578218	0.000000336705
0.163265371773	0.190476347276	0.197756490785	0.000000283961	1.000000887175	0.000000881760	1.000000645933	0.000000618846	0.000000518055	0.000000396430	1.000000388198
0.285714492832	0.952381317604	0.470713454648	0.000000016893	1.000000890223	0.000000241804	1.000000088709	0.000000803856	0.000000940889	0.000000426762	0.000000699171
0.408163431083	0.761905375066	0.061417718704	1.000000731875	0.000000269475	0.000000954145	0.000000629418	1.000000622329	0.000000192460	0.000000927823	0.000000947544
0.836735479570	1.000000243696	0.033872171933	0.000000282664	0.000000077718	1.000000118050	0.000000580618	1.000000404809	0.000000290883	0.000000207817	0.000000675210
0.469388162465	0.142857196749	0.001603054767	1.000000804513	0.000000211292	0.000000254576	1.000000472963	0.000000432833	0.000000434069	0.000000594452	0.000000357797
0.040816341848	0.333333570511	0.006696181505	0.000000631839	0.000000613159	1.000000501085	0.000000794890	0.000000297023	1.000000303380	0.000000812077	1.000000893377
0.326530912808	0.571428679123	0.241796299014	0.000000802798	1.000000230844	0.000000244241	0.000000557500	0.000000607721	0.000000075279	1.000000187919	1.000000994491
0.265306331826	0.571428721166	0.528354035781	1.000000197650	0.000000338645	0.000000113357	0.000000669007	1.000000855032	0.000000500380	0.000000359298	1.000000217881
1.000000663844	0.190476355495	0.011646251951	0.000000607794	0.000000083468	1.000000505970	0.000000353135	0.000000465160	0.000000659239	1.000000403693	1.000000616275
0.469388024402	0.095238185426	0.257046657587	0.000000282333	1.000000363672	0.000000067513	0.000000095835	0.000000349912	0.000000254289	1.000000563535	0.000000246636
0.387755425568	1.000000477821	0.754505025801	0.000000749062	0.000000400298	1.000000796971	1.000000854694	0.000000496230	0.000000547276	0.000000987600	0.000000019214
0.469388147294	1.000000135068	0.166325036017	0.000000956740	1.000000610052	0.000000700382	0.000000515420	0.000000392647	0.000000301584	1.000000160879	1.000000621806
0.224489972673	0.333333350109	0.166941271917	0.000000035524	1.000000639430	0.000000164065	0.000000829768	0.000000339531	1.000000338813	0.000000944802	0.000000503582
0.489796302191	0.476190626055	0.000209142286	0.000000222448	0.000000669336	1.000000469456	0.000000319287	1.000000939985	0.000000568991	0.000000399687	0.000000152854
0.040816358861	0.333333385267	0.004644795709	0.000000748815	0.000000349599	1.000000121416	1.000000879263	0.000000318296	0.000000603796	0.000000811287	1.000000153165
0.224489892577	0.523810026279	0.516952988899	1.000000736370	0.000000972735	0.000000911884	1.000000067232	0.000000862795	0.000000312155	0.000000593320	0.000000752084
0.469388055057	0.904762408856	0.014755195447	0.000000399150	1.000000746349	0.000000890771	0.000000310441	0.000000539999	1.000000927610	0.000000987846	0.000000927052
0.693877971563	0.476190692708	0.011686000223	0.000000097861	1.000000273543	0.000000665944	0.000000516623	0.000000076931	0.000000566808	1.000000735374	1.000000182694
0.040816349387	0.380952730389	0.019953262431	0.000000043678	1.000000600705	0.000000704191	0.000000822475	0.000000558463	1.000000268505	0.000000136565	1.000000563934
0.632653240431	0.666666726591	0.162422935328	0.000000698330	1.000000442059	0.000000555038	0.000000464197	0.000000236589	0.000000912448	1.000000177418	0.000000619318
0.040816345319	0.523809822630	0.201238357118	0.000000167346	1.000000440344	0.000000169288	0.000000004488	1.000000598471	0.000000627518	0.000000639804	1.000000298901
0.979592049587	0.523809581098	0.008113479298	0.000000133348	0.000000573007	1.000000734170	0.000000400353	0.000000990166	1.000000548505	0.000000369225	0.000000021077
0.836735082095	0.142857193789	0.006563413240	1.000000126252	0.000000063269	0.000000696956	0.000000646106	1.000000342875	0.000000030892	0.000000121683	0.000000392739
0.081632726246	0.904762654364	0.288426846119	0.000000177259	1.000000405459	0.000000898933	0.000000975953	0.000000798621	1.000000683016	0.000000661510	1.000000317122
0.591837190954	0.714286083634	0.002847326220	0.000000153512	0.000000363977	1.000000991606	0.000000860502	0.000000282205	1.000000824998	0.000000032068	0.000000473727
0.000000806219	0.428571776260	0.114119258085	0.000000320288	1.000000055260	0.000000556993	1.000000281617	0.000000316333	0.000000233794	0.000000171160	0.000000404683
0.959184466741	0.523809866772	0.000044107886	1.000000927612	0.000000472138	0.000000603905	1.000000019943	0.000000626778	0.000000283761	0.000000293054	1.000000691933
0.020408163361	0.809523898953	0.100587896025	0.000000868150	1.000000059943	0.000000362073	1.000000939520	0.000000334460	0.000000842104	0.000000708973	0.000000959616
0.265306336413	0.809524420276	0.443132921976	0.000000703274	1.000000203757	0.000000546003	0.000000503835	0.000000781309	1.000000528579	0.000000007947	0.000000686013
0.877551030956	0.523809822624	0.004237021000	0.000000604162	0.000000736158	1.000000510436	0.000000007691	0.000000286800	1.000000198831	0.000000769887	0.000000059448
0.387755259748	0.857143086476	0.195958989236	0.000000004812	0.000000824856	1.000000969274	1.000000259276	0.000000382020	0.000000760742	0.000000232754	1.000000362503
0.387755106353	0.619047738162	0.157499582145	1.000000013848	0.000000849587	0.000000199872	0.000000696804	1.000000318150	0.000000683155	0.000000585720	0.000000618928
0.469388203775	0.952381198306	0.081084737616	0.000000881988	0.000000127637	1.000000904546	0.000000174096	0.000000896245	0.000000806360	1.000000810162	0.000000487623
0.102040853218	0.571428892587	0.116635835562	0.000000072051	1.000000597373	0.000000151184	0.000000899482	0.000000915164	0.000000313718	1.000000240401	1.000000638068
0.469388145940	0.285714460708	0.004695342571	0.000000728379	0.000000819161	1.000000064838	1.000000262406	0.000000784549	0.000000973781	0.000000266026	1.000000091567
0.081632687797	0.333333446588	0.234142717494	0.000000592545	1.000000903037	0.000000192164	0.000000532090	0.000000099714	0.000000012304	1.000000847706	0.000000262694
0.020408167323	0.380952498923	0.006171774570	0.000000662231	0.000000222515	1.000000710591	0.000000662650	0.000000225326	1.000000223513	0.000000768350	0.000000685305
0.714286219130	0.428571777258	0.001947924356	1.000000140140	0.000000023901	0.000000904088	0.000000689031	1.000000184747	0.000000180003	0.000000791490	1.000000657494
0.571428596593	0.761905338252	0.080370417560	0.000000469821	1.000000290488	0.000000577409	1.000000448142	0.000000401916	0.000000650647	0.000000148774	0.000000289876
0.000000301598	1.000000514240	0.073100868565	1.000000505291	0.000000471011	0.000000330692	0.000000609547	1.000000092647	0.000000585886	0.000000028424	0.000000691559
0.591837056277	0.714285845194	0.041377684393	0.000000111312	1.000000931737	0.000000866284	0.000000250122	1.000000352214	0.000000279778	0.000000986558	1.000000278189
0.530612596434	0.476190901361	0.250080922436	0.000000741212	1.000000241557	0.000000749663	0.000000457012	0.000000236096	0.000000568177	1.000000453228	0.000000436437
0.306122671570	1.000000103340	0.681503230356	1.000000789119	0.000000649465	0.000000296340	1.000000693298	0.000000380774	0.000000172427	0.000000755067	1.000000029314
0.102040885153	0.000000061342	0.038240035818	0.000000763482	1.000000363796	0.000000506616	0.000000910728	1.000000961427	0.000000547927	0.000000326406	1.000000476674
0.265306245384	0.047619087340	0.168091184837	0.000000578762	0.000000492591	1.000000220060	1.000000643894	0.000000033425	0.000000846965	0.000000030752	1.000000395287
0.938775551171	0.666667063341	0.192593547924	0.000000512155	1.000000754475	0.000000911587	0.000000570229	0.000000554488	1.000000855180	0.000000764480	0.000000032865
0.510204465694	0.857142926916	0.079077862427	0.000000622232	0.000000319418	1.000000801023	0.000000270198	0.000000634376	1.000000011030	0.000000764638	0.000000980399
0.918368263745	0.380952532519	0.006565483553	0.000000676369	0.000000388750	1.000000198009	0.000000172068	0.000000809002	1.000000867650	0.000000292723	1.000000897199
0.653061443930	0.000000585572	0.002018526544	1.000000883842	0.000000373812	0.000000254141	0.000000915607	0.000000385827	1.000000606456	0.000000616308	1.000000232997
0.040816338890	0.761905242140	0.308595476232	0.000000981457	1.000000782611	0.000000544203	0.000000619122	0.000000157424	0.000000461893	1.000000460398	1.000000181504
0.306122636889	0.523809959002	0.326856608274	1.000000468595	0.000000173866	0.000000148388	0.000000784175	1.000000030078	0.000000166686	0.000000350386	0.000000349780
0.285714452440	0.238095404617	0.894525739019	0.000000038553	1.000000787802	0.000000157358	0.000000822384	0.000000364301	0.000000776974	1.000000518486	0.000000877800
0.204081812104	0.952381730013	0.553759023170	1.000000503038	0.000000713080	0.000000772040	0.000000438659	1.000000074138	0.000000486702	0.000000295520	1.000000992596
0.612245490478	0.142857187363	0.023585870979	1.000000756707	0.000000699241	0.000000420018	0.000000355262	0.000000782132	0.000000290645	1.000000159925	0.000000231338
0.081632723497	0.142857270171	0.006055803106	0.000000578622	0.000000974025	1.000000560405	1.000000111066	0.000000576836	0.000000605443	0.000000865871	0.000000817739
0.387755115496	0.904762436576	0.267655199184	1.000000317488	0.000000674948	0.000000099064	0.000000920377	0.000000169728	1.000000208013	0.000000322343	0.000000926153
0.326530804757	1.000000649082	0.538968260488	0.000000757562	0.000000754521	1.000000586059	0.000000825704	1.000000498428	0.000000100726	0.000000145092	0.000000817746
0.551020451762	0.047619059121	0.141005801664	0.000000712097	1.000000468461	0.000000617202	0.000000628855	1.000000073069	0.000000162711	0.000000053293	1.000000083109
0.285714442658	0.380952719633	0.675420264387	1.000000141199	0.000000806304	0.000000111582	0.000000334720	1.000000612709	0.000000696671	0.000000532818	0.000000475693
0.142857241099	0.761905385703	0.063579743927	1.000000840977	0.000000473759	0.000000386943	0.000000092130	0.000000768664	1.000000230575	0.000000437984	1.000000070442
0.571428673677	0.714286168614	0.000991761262	1.000000000854	0.000000286204	0.000000204789	0.000000866156	0.000000981620	1.000000183619	0.000000453645	1.000000731992
0.469388049654	0.428571428857	0.000609961814	1.000000175920	0.000000082687	0.000000207090	0.000000326237	1.000000769414	0.000000255810	0.000000589521	1.000000126815
0.040816353362	0.380952466768	0.003427834340	0.000000471193	0.000000519811	1.000000416467	0.000000684491	0.000000992357	0.000000650559	1.000000128618	0.000000763689
0.551020434276	0.285714562618	0.020709091813	1.000000984677	0.000000354874	0.000000721723	0.000000468609	0.000000892966	0.000000489665	1.000000701635	0.000000796857
0.938775522291	0.333333482795	0.005047020954	0.000000806080	0.000000077647	1.000000520609	0.000000463687	0.000000956986	1.000000030044	0.000000409213	1.000000576260
0.979592807889	0.095238174699	0.011492687245	0.000000118069	0.000000000156	1.000000941682	0.000000307378	0.000000892577	0.000000541605	1.000000163919	1.000000179214
0.428571661358	0.047619083939	0.078180903004	0.000000196944	1.000000163845	0.000000317147	1.000000472741	0.000000274542	0.000000955618	0.000000673824	1.000000407908
0.897959385808	0.714285803441	0.000371290797	1.000000359596	0.000000673501	0.000000828549	0.000000623164	0.000000650468	0.000000642982	1.000000739563	1.000000987096
0.265306267750	0.523809818545	0.502919655586	0.000000153632	1.000000317311	0.000000497188	1.000000573726	0.000000155651	0.000000931734	0.000000786744	1.000000946360
0.530612443510	0.380952510662	0.047428834634	0.000000337542	1.000000582425	0.000000941139	1.000000343381	0.000000933691	0.000000223206	0.000000805586	1.000000421321
0.469387929954	0.619047937035	0.001865629248	1.000000447772	0.000000425403	0.000000570748	0.000000032342	0.000000909627	1.000000816179	0.000000119653	0.000000358164
0.428571589755	0.333333522575	0.129113677126	0.000000999592	1.000000406920	0.000000144478	0.000000509027	0.000000712481	1.000000798421	0.000000655573	1.000000855866
0.000000767930	0.952381855903	0.240682405915	0.000000618630	1.000000050102	0.000000856985	0.000000140959	0.000000794091	1.000000614992	0.000000635600	1.000000130486
0.816326728638	0.095238110201	0.000556454634	1.000000649935	0.000000531871	0.000000381290	0.000000053983	0.000000041118	0.000000172670	1.000000864909	0.000000335909
0.571428890403	0.190476252812	0.024738886469	0.000000041471	1.000000066678	0.000000536935	0.000000654170	0.000000427076	0.000000589891	1.000000035488	1.000000725405
0.244897992751	0.047619069700	0.699920693088	1.000000548877	0.000000591982	0.000000505982	0.000000396811	1.000000501290	0.000000951572	0.000000718511	1.000000888381
0.918367920066	0.952381673227	0.022016787144	0.000000558418	1.000000614871	0.000000768745	1.000000036832	0.000000761636	0.000000678191	0.000000967058	0.000000046712
0.346939040119	0.142857235676	0.731605250450	0.000000074948	1.000000329192	0.000000181125	0.000000845050	0.000000207946	0.000000368495	1.000000701065	0.000000645009
0.836734859255	0.809524276688	0.006065277423	1.000000671811	0.000000362556	0.000000865411	1.000000524614	0.000000622956	0.000000225226	0.000000296374	1.000000719208
0.346938797597	0.142857221409	0.061316288849	0.000000449513	0.000000762606	1.000000836445	0.000000812014	0.000000377661	0.000000423222	1.000000049759	1.000000777863
0.551020667056	0.714285718463	0.009966675121	0.000000300069	0.000000081917	1.000000535006	0.000000997046	0.000000807964	0.000000029275	1.000000441807	1.000000180498
0.612245044187	0.952381522775	0.070505066282	0.000000023882	0.000000670906	1.000000690300	1.000000846086	0.000000459490	0.000000333128	0.000000369519	1.000000247408
0.102040868399	1.000000848632	0.258956060383	0.000000096043	1.000000538120	0.000000183420	0.000000663066	0.000000747435	0.000000698976	1.000000770521	0.000000585287
0.163265317221	0.761905388264	0.020816924296	1.000000128915	0.000000387283	0.000000833668	0.000000472517	1.000000828332	0.000000296850	0.000000310741	1.000000363043
0.612245203964	0.761904967499	0.036306923405	1.000000327881	0.000000690482	0.000000279592	0.000000559063	0.000000730606	1.000000323257	0.000000057453	0.000000522183
0.795918805408	0.714286348395	0.022956752894	0.000000487137	1.000000906851	0.000000376633	0.000000847724	1.000000040789	0.000000570459	0.000000309527	0.000000156153
0.469387884283	0.190476309869	0.004685278082	0.000000322389	0.000000206147	1.000000783244	0.000000859428	0.000000692282	1.000000453752	0.000000006802	0.000000542987
0.959184494588	0.809523989713	0.015920284133	1.000000187346	0.000000306574	0.000000657364	0.000000226083	0.000000653522	1.000000856133	0.000000390419	0.000000565657
0.346938840336	0.428571585556	0.466794237931	0.000000470881	0.000000286253	1.000000635117	0.000000999600	0.000000562445	1.000000399724	0.000000836012	1.000000504493
0.081632701176	0.857143019481	0.033392481595	1.000000221719	0.000000477686	0.000000513607	1.000000239231	0.000000604112	0.000000003326	0.000000031632	1.000000436049
0.734694074802	0.428571850050	0.191572246560	0.000000797550	1.000000804610	0.000000309704	0.000000611610	0.000000178367	0.000000835486	1.000000922256	1.000000722786
0.979592194665	0.952381264102	0.064389368285	1.000000585425	0.000000170611	0.000000616662	0.000000987857	0.000000154422	1.000000022442	0.000000092792	1.000000327951
0.755102584248	0.619047645859	0.000376470938	1.000000090320	0.000000758865	0.000000430484	1.000000272133	0.000000759216	0.000000720328	0.000000511419	0.000000940034
0.204081775139	0.238095393933	0.969833459815	0.000000938733	1.000000352389	0.000000867871	0.000000946006	0.000000396452	0.000000411009	1.000000805167	1.000000141157
0.632653504580	0.190476240911	0.011144566906	0.000000594205	0.000000034178	1.000000447660	0.000000063029	0.000000943165	0.000000530931	1.000000489585	0.000000103793
0.265306176144	0.619047639800	1.000000850652	0.000000831621	1.000000876594	0.000000857603	1.000000677869	0.000000320703	0.000000792345	0.000000824401	0.000000550179
0.061224516754	0.142857238162	0.001507438160	1.000000267175	0.000000479394	0.000000378386	1.000000944395	0.000000387004	0.000000806295	0.000000217020	1.000000958796
0.285714316191	0.809524294304	0.520817395396	0.000000490885	0.000000465760	1.000000386736	0.000000367083	1.000000447031	0.000000866735	0.000000345753	0.000000252297
0.714286182059	0.857143524823	0.056006253888	0.000000598508	1.000000295714	0.000000609511	0.000000940110	0.000000928248	1.000000005158	0.000000424655	1.000000451254
0.428571462832	0.238095296972	0.266352726080	0.000000169752	1.000000006297	0.000000050643	0.000000158529	0.000000018011	1.000000675103	0.000000281826	1.000000028102
0.102040845063	0.857143636877	0.183243866328	0.000000989653	1.000000737866	0.000000762805	0.000000135880	1.000000309746	0.000000675920	0.000000173074	1.000000945651
0.510204270426	0.714285850454	0.002625011256	0.000000059984	0.000000155918	1.000000885677	1.000000312627	0.000000754794	0.000000175178	0.000000502803	1.000000614546
0.857143305500	0.476190706451	0.007104179137	1.000000697589	0.000000127778	0.000000622697	0.000000489787	1.000000466792	0.000000939062	0.000000873996	1.000000254044
0.673469559401	0.809524271707	0.034158523239	0.000000766492	0.000000263560	1.000000078152	1.000000172132	0.000000175469	0.000000130173	0.000000139183	0.000000390488
0.204081674435	0.095238136768	0.082964000469	1.000000340684	0.000000180749	0.000000126509	0.000000455335	0.000000376732	0.000000282070	1.000000374258	1.000000477854
0.265306336320	0.476190541991	0.578988124886	1.000000344441	0.000000601803	0.000000735833	1.000000941435	0.000000475917	0.000000309953	0.000000947016	0.000000874740
0.244898068109	0.285714478008	0.450615220610	1.000000967055	0.000000644123	0.000000417193	0.000000416999	0.000000471075	1.000000666855	0.000000102302	1.000000662172
0.265306378584	0.190476379161	0.120017464017	1.000000898863	0.000000911796	0.000000721915	0.000000278355	0.000000973176	1.000000004708	0.000000735631	0.000000036614
0.775510697816	0.952381516193	0.187747084119	0.000000685427	1.000000248458	0.000000958560	0.000000938269	1.000000610101	0.000000949679	0.000000277159	0.000000262544
0.326530916899	0.809524114978	0.286085653628	1.000000746766	0.000000260675	0.000000551509	1.000000698440	0.000000111298	0.000000851125	0.000000857880	1.000000418971
0.081632713790	0.380952634777	0.103979044775	0.000000858491	1.000000971200	0.000000713018	0.000000822197	0.000000619975	1.000000613571	0.000000179932	1.000000424280
0.897959963861	0.333333521231	0.286212416582	0.000000141740	1.000000211488	0.000000350628	0.000000791759	0.000000029709	0.000000971057	1.000000762865	1.000000073766
0.918368180541	0.619047675643	0.007386071329	1.000000858767	0.000000612853	0.000000381805	1.000000984445	0.000000392347	0.000000813254	0.000000487780	1.000000074242
0.775510907010	0.857143507663	0.065356646917	1.000000561073	0.000000305615	0.000000877671	1.000000252204	0.000000694066	0.000000422701	0.000000611176	1.000000310092
0.265306219700	0.190476284599	0.570005048899	0.000000386957	1.000000685652	0.000000707725	0.000000138835	1.000000546472	0.000000732563	0.000000670407	0.000000825144
0.612245191080	1.000000106437	0.023844607624	0.000000555351	0.000000857690	1.000000607405	0.000000719285	0.000000589620	1.000000964263	0.000000952621	1.000000254734
0.469388078504	0.047619081138	0.001942299752	1.000000352813	0.000000614737	0.000000840382	1.000000295388	0.000000653813	0.000000254371	0.000000449039	1.000000692350
0.163265462413	0.095238165375	0.147931293315	0.000000160576	1.000000063024	0.000000877452	1.000000432425	0.000000977073	0.000000130135	0.000000466468	0.000000225210
0.000000318277	0.761905208999	0.309492774624	0.000000318490	1.000000251821	0.000000763911	1.000000070879	0.000000025150	0.000000943007	0.000000317915	0.000000623170
0.632653442582	0.333333627106	0.001218887164	0.000000872772	0.000000417525	1.000000097272	0.000000697759	0.000000710939	1.000000619564	0.000000764173	1.000000915320
0.673469677323	0.476190924843	0.023280302318	1.000000504406	0.000000701363	0.000000787217	0.000000811877	0.000000060193	0.000000339178	1.000000128266	0.000000838655
0.653061766049	0.285714300937	0.013358692067	1.000000185092	0.000000450121	0.000000019647	0.000000167432	0.000000620400	0.000000997825	1.000000254615	1.000000393192
0.081632661367	0.809524183058	0.050953387859	1.000000357603	0.000000459242	0.000000096708	1.000000530300	0.000000159690	0.000000567396	0.000000734805	0.000000987899
0.795918988143	0.095238122345	0.001124529302	0.000000687433	0.000000767685	1.000000074668	0.000000931391	0.000000452670	1.000000709894	0.000000071834	0.000000911831
0.795919000820	0.666667166432	0.076920704348	0.000000682608	1.000000863925	0.000000371527	0.000000651452	0.000000200035	0.000000255892	1.000000704706	1.000000114828
0.795918539412	0.190476272468	0.021111609917	0.000000728539	1.000000412450	0.000000766217	0.000000421687	1.000000378852	0.000000406616	0.000000065261	1.000000532163
0.061224499238	0.857143208175	0.178489267158	0.000000334787	1.000000860145	0.000000461289	0.000000574578	0.000000570379	1.000000769045	0.000000089093	0.000000437504
0.571428981888	0.000000533934	0.032565608156	0.000000640615	1.000000531936	0.000000130949	0.000000129270	0.000000062297	1.000000583383	0.000000852456	1.000000558583
0.897959278306	1.000000187896	0.203810137755	0.000000476210	1.000000075065	0.000000126316	1.000000045907	0.000000772237	0.000000752300	0.000000257019	1.000000939920
0.122449004029	0.523809656856	0.238062003793	0.000000526436	1.000000361371	0.000000259784	0.000000133285	0.000000289464	0.000000531298	1.000000934341	0.000000787004
0.755102256007	0.761904902562	0.096575775571	0.000000394008	0.000000206957	1.000000840367	0.000000344201	0.000000581602	1.000000989589	0.000000791956	0.000000776292
0.142857247460	0.285714387316	0.012786251958	1.000000608952	0.000000518612	0.000000881883	0.000000442871	0.000000163278	0.000000600855	1.000000872932	1.000000565400
0.632653546992	0.619047695902	0.005946941853	1.000000881231	0.000000726369	0.000000655878	0.000000278798	1.000000773549	0.000000573259	0.000000450777	0.000000487865
0.306122659026	0.095238120236	0.712845532837	1.000000143404	0.000000611567	0.000000011138	0.000000151455	1.000000858994	0.000000778104	0.000000531578	0.000000666856
0.816326622808	0.809524367712	0.366544367224	0.000000180209	1.000000889799	0.000000131691	0.000000000165	1.000000409348	0.000000386485	0.000000185238	0.000000032201
0.795918510695	0.761905274133	0.226408667159	0.000000891927	1.000000158117	0.000000655152	0.000000403551	0.000000942549	0.000000573329	1.000000377691	1.000000975113
0.285714491701	0.761905461946	0.096864299103	0.000000488413	0.000000065868	1.000000323295	0.000000622937	0.000000686072	1.000000898198	0.000000225967	0.000000624982
0.653061776547	0.809523999357	0.020494333385	0.000000160665	0.000000818540	1.000000586729	0.000000174057	0.000000251428	0.000000222215	1.000000847985	0.000000982617
0.204081735517	0.000000664071	0.627005332168	1.000000026811	0.000000373989	0.000000835553	0.000000661472	1.000000348706	0.000000270507	0.000000228945	0.000000394303
0.285714543367	0.809524044651	0.496210119910	0.000000399377	0.000000940427	1.000000177853	0.000000860050	1.000000338021	0.000000199522	0.000000776204	1.000000101062
0.755102696481	0.666666741950	0.263844163640	0.000000670728	1.000000635540	0.000000937940	1.000000277892	0.000000664759	0.000000778616	0.000000484492	1.000000847471
0.816326976935	0.285714478920	0.007525352060	1.000000363545	0.000000416112	0.000000296175	0.000000685084	1.000000475481	0.000000045257	0.000000883363	1.000000784441
0.959183681901	0.142857196065	0.004899380615	0.000000143209	0.000000637537	1.000000742280	1.000000342634	0.000000961369	0.000000543251	0.000000188749	1.000000150302
0.653061652923	0.666667058530	0.115373588316	0.000000838988	1.000000852586	0.000000263997	0.000000915989	1.000000226084	0.000000503344	0.000000330479	1.000000464593
0.163265390494	0.190476212520	0.006441970522	0.000000770873	0.000000708806	1.000000442974	0.000000307492	0.000000724915	0.000000575581	1.000000777665	1.000000218916
0.979592618142	0.190476287395	0.213106027587	0.000000928967	1.000000053926	0.000000879755	0.000000892163	0.000000572090	0.000000972800	1.000000333804	0.000000299244
0.142857185685	0.285714368798	0.165739820639	0.000000802277	1.000000608652	0.000000619741	0.000000891169	0.000000263128	0.000000134635	1.000000323483	1.000000624036
0.102040873274	0.571428686201	0.008751933183	1.000000903799	0.000000816211	0.000000502007	0.000000867374	0.000000609102	0.000000271401	1.000000842563	0.000000732561
0.408163597565	0.666667261414	0.253001164627	0.000000288771	1.000000728034	0.000000602847	0.000000577322	0.000000929696	1.000000397232	0.000000993717	1.000000307783
0.551020507711	0.952381672421	0.095286866018	0.000000612960	0.000000034946	1.000000195914	0.000000664053	0.000000801922	0.000000711859	1.000000279187	1.000000868195
0.653061622349	0.904762623709	0.067796569030	1.000000527864	0.000000603236	0.000000900843	1.000000925106	0.000000911378	0.000000440394	0.000000572646	0.000000112974
0.040816347636	0.857143467796	0.077283303296	1.000000459701	0.000000124987	0.000000942224	0.000000140093	0.000000802917	1.000000490493	0.000000342044	1.000000654829
0.571428677768	0.619048021516	0.005600740268	1.000000069074	0.000000742038	0.000000690798	0.000000692225	0.000000577610	1.000000536278	0.000000045291	0.000000124920
0.510204230038	0.095238117299	0.160984901699	0.000000938153	1.000000752956	0.000000908759	1.000000468146	0.000000832870	0.000000388397	0.000000870680	0.000000884225
0.591836833111	0.047619087924	0.005957451095	0.000000282295	0.000000762387	1.000000371032	0.000000770477	1.000000392615	0.000000759587	0.000000243903	0.000000825720
0.448979894288	0.238095318840	0.158772439308	0.000000732937	1.000000882170	0.000000784399	0.000000227417	0.000000624347	0.000000785117	1.000000773547	0.000000001768
0.081632716309	0.571428873435	0.072331459448	0.000000488656	1.000000843574	0.000000176355	1.000000933801	0.000000390015	0.000000907499	0.000000556945	0.000000061060
0.530612337073	0.476190584246	0.006852332774	1.000000381275	0.000000130058	0.000000175564	0.000000307967	1.000000927552	0.000000984820	0.000000018242	1.000000729519
0.530612581737	0.571428961697	0.264714055054	0.000000653875	1.000000489899	0.000000855794	0.000000398825	0.000000209937	1.000000732089	0.000000700579	0.000000819510
0.081632721414	0.571428925048	0.060328233717	0.000000497599	1.000000438087	0.000000065200	1.000000627500	0.000000578687	0.000000854966	0.000000684238	1.000000501755
0.285714535790	0.952381222965	0.335680546154	1.000000644123	0.000000606848	0.000000412835	1.000000197911	0.000000698624	0.000000485246	0.000000552649	1.000000824318
0.959184404631	0.428571513525	0.098251731652	0.000000560659	1.000000054178	0.000000334264	1.000000660673	0.000000130813	0.000000777480	0.000000078120	0.000000713023
0.183673570529	0.190476286308	0.017340915571	0.000000044381	0.000000889760	1.000000908152	0.000000364701	0.000000070543	0.000000776099	1.000000049165	1.000000937711
0.510204553125	0.523809575260	0.007544740361	1.000000263133	0.000000827635	0.000000345707	1.000000780879	0.000000047208	0.000000912425	0.000000911319	0.000000778678
0.448979759532	0.666667319662	0.031888298730	0.000000539303	1.000000525007	0.000000324845	0.000000932169	1.000000632997	0.000000740938	0.000000143290	1.000000377689
0.938775805770	0.809524177410	0.060687721397	1.000000423738	0.000000816560	0.000000590960	0.000000414554	0.000000457227	1.000000774173	0.000000540349	0.000000007939
0.918368044227	0.904762045036	0.025094199507	0.000000856570	0.000000203655	1.000000496170	0.000000743163	1.000000073233	0.000000525634	0.000000826818	0.000000747325
0.346938912201	1.000000020263	0.616016514370	0.000000461836	1.000000207781	0.000000398916	0.000000007971	0.000000474659	0.000000120078	1.000000269535	1.000000289429
0.734694012577	0.285714477245	0.263101002062	0.000000272754	1.000000447645	0.000000095780	0.000000073452	0.000000308049	0.000000080565	1.000000214167	0.000000876556
0.387755432562	0.619048141836	0.173342738157	0.000000434547	1.000000549268	0.000000707416	0.000000806535	0.000000078591	1.000000151644	0.000000716255	1.000000589227
0.326530890829	1.000000823831	0.451640290528	0.000000681674	0.000000248461	1.000000690451	0.000000067275	0.000000895909	0.000000268034	1.000000688856	1.000000476486
0.816327092501	0.190476192706	0.003636234959	1.000000636356	0.000000295062	0.000000897235	0.000000446581	1.000000556764	0.000000028202	0.000000238667	1.000000261411
0.265306304509	0.476190520518	0.204591081839	0.000000225259	1.000000018303	0.000000855324	0.000000985390	0.000000011546	1.000000282190	0.000000112494	1.000000606181
0.775510666372	0.380952550421	0.007359799817	1.000000761223	0.000000662689	0.000000688562	1.000000359671	0.000000511432	0.000000693079	0.000000425951	0.000000171106
0.857143379507	0.714286227867	0.005096828810	1.000000486902	0.000000853755	0.000000351636	0.000000265613	0.000000983076	1.000000381456	0.000000096263	1.000000951962
0.224489945749	0.904762601973	0.546220050540	1.000000627192	0.000000803086	0.000000099988	1.000000989391	0.000000427723	0.000000012270	0.000000651037	0.000000630032
0.653061331761	0.095238128782	0.000033006912	1.000000247326	0.000000111964	0.000000366952	1.000000395874	0.000000391605	0.000000933443	0.000000334899	0.000000919209
0.408163430556	0.047619059381	0.005006834374	0.000000463503	0.000000283026	1.000000469989	0.000000820650	1.000000804500	0.000000225611	0.000000685842	0.000000144551
0.979592255222	1.000000762020	0.066000325313	1.000000802939	0.000000299306	0.000000817905	0.000000599757	0.000000733338	1.000000772379	0.000000003185	0.000000536652
1.000000048120	0.095238167026	0.008282585663	0.000000760197	0.000000880032	1.000000540912	0.000000221472	1.000000847715	0.000000710451	0.000000379005	0.000000976211
0.510204205171	0.809524301671	0.073695363140	1.000000846693	0.000000272560	0.000000715425	0.000000334552	0.000000644193	0.000000869025	1.000000214924	0.000000173170
0.367347016915	0.142857263571	0.285980599275	0.000000680228	0.000000689807	1.000000605455	0.000000097295	0.000000726274	0.000000057820	1.000000396119	0.000000514797
0.428571756528	0.904762152392	0.309441033610	0.000000911447	1.000000752579	0.000000592478	0.000000601797	1.000000686904	0.000000313103	0.000000544434	0.000000067089
0.183673623878	0.857143598019	0.020625309492	1.000000034073	0.000000546148	0.000000715658	1.000000357772	0.000000390394	0.000000461107	0.000000022470	1.000000463873
0.755102284281	0.047619083983	0.184735732982	0.000000375822	1.000000150464	0.000000994296	0.000000070329	1.000000700632	0.000000608209	0.000000610525	1.000000667975
0.816326911368	0.095238106943	0.050574027660	0.000000816840	1.000000753376	0.000000954380	0.000000196060	0.000000952460	0.000000417229	1.000000028264	0.000000838834
0.081632700351	0.000000661804	0.006438790319	0.000000032564	0.000000706234	1.000000031114	0.000000011829	0.000000713080	0.000000279246	1.000000722986	1.000000790937
0.061224538076	0.619047705250	0.000450847548	1.000000307875	0.000000131252	0.000000769291	1.000000180625	0.000000630389	0.000000740299	0.000000596370	1.000000777450
0.632653076108	0.476190549208	0.001878654196	0.000000219403	0.000000939999	1.000000993404	0.000000048869	0.000000415094	0.000000792337	1.000000591571	0.000000583419
0.224489922297	0.476190924923	0.737007122338	0.000000732879	0.000000372401	1.000000369350	0.000000159532	0.000000253488	0.000000887807	1.000000312547	0.000000162913
0.571429005587	0.952381055730	0.086891035113	1.000000512407	0.000000415628	0.000000029610	0.000000715458	0.000000197777	1.000000787250	0.000000097480	1.000000304496
0.877551723882	0.142857205237	0.195762443859	0.000000488509	1.000000712234	0.000000183791	0.000000977248	1.000000330810	0.000000599281	0.000000218183	1.000000059384
0.081632703440	0.238095292672	0.000522190094	1.000000981850	0.000000816929	0.000000886381	0.000000830093	0.000000752100	1.000000622321	0.000000127347	0.000000916678
0.367347044193	1.000000829971	0.530552050255	0.000000929492	1.000000911368	0.000000383612	1.000000003932	0.000000682017	0.000000847468	0.000000925527	0.000000960040
0.081632699518	0.285714359406	0.001446531100	1.000000010566	0.000000336312	0.000000711304	0.000000681298	1.000000231007	0.000000231874	0.000000469720	0.000000490197
0.632653312920	0.333333374523	0.003921455726	0.000000718233	0.000000550552	1.000000465552	0.000000477239	0.000000630739	0.000000102001	1.000000795425	1.000000847623
0.816326910879	0.047619059484	0.136446749073	0.000000674808	1.000000375967	0.000000918143	0.000000025680	1.000000974028	0.000000296144	0.000000774050	0.000000419812
0.489796039982	0.809524347849	0.113611350660	1.000000736924	0.000000638084	0.000000898580	0.000000656612	0.000000760432	0.000000905573	1.000000177553	0.000000067481
0.448979627423	0.666667269019	0.163979916087	0.000000687610	1.000000561532	0.000000114571	0.000000898468	0.000000794384	0.000000723698	1.000000572173	1.000000454102
0.204081660962	0.952381679297	0.273938288386	0.000000562156	1.000000529737	0.000000832880	0.000000790080	1.000000232737	0.000000762606	0.000000713152	1.000000013123
0.551020661861	0.761905496509	0.023866875058	1.000000904644	0.000000068268	0.000000092401	1.000000236567	0.000000828601	0.000000446358	0.000000362294	1.000000537264
0.142857188499	0.809524106322	0.037016885766	0.000000502023	0.000000161177	1.000000871331	0.000000893557	0.000000668343	0.000000340426	1.000000700262	0.000000624258
0.755102500938	0.285714478784	0.005543901192	0.000000392583	0.000000259729	1.000000880326	0.000000314098	0.000000948620	1.000000526623	0.000000755472	0.000000463409
0.489795951283	0.428571772630	0.005339642963	0.000000195738	0.000000592888	1.000000903497	0.000000342636	1.000000590341	0.000000982934	0.000000521458	1.000000697348
0.448979797284	0.809524057186	0.039137510790	1.000000059955	0.000000638935	0.000000859149	0.000000990449	0.000000736400	1.000000577588	0.000000684604	0.000000343360
0.938775579004	0.142857225953	0.008552707109	0.000000775737	0.000000867594	1.000000002107	0.000000276887	0.000000430088	0.000000536777	1.000000134082	1.000000008652
0.306122498883	0.333333576469	0.985317723590	0.000000850507	1.000000112042	0.000000939522	1.000000770822	0.000000021034	0.000000495371	0.000000675911	0.000000883948
0.510204155717	0.380952480210	0.000266349336	1.000000592292	0.000000180177	0.000000382039	0.000000816655	1.000000095564	0.000000490022	0.000000622978	1.000000249772
0.816327116192	0.190476204631	0.004703481009	1.000000499063	0.000000564515	0.000000802175	0.000000679278	1.000000978353	0.000000504028	0.000000182920	1.000000479808
0.775510374788	0.857143175934	0.080220052003	0.000000500618	1.000000360103	0.000000421811	0.000000092353	0.000000102232	1.000000423323	0.000000815728	0.000000775701
0.959184504091	0.047619068155	0.003575771545	0.000000849881	0.000000749802	1.000000200654	1.000000944285	0.000000793042	0.000000512982	0.000000982951	1.000000117680
0.122449064212	0.523809740485	0.053565778618	0.000000710483	1.000000666342	0.000000747556	0.000000086266	1.000000266397	0.000000773600	0.000000960384	1.000000165373
0.734694127698	1.000000624812	0.274752061822	0.000000737515	1.000000490501	0.000000326554	0.000000496765	1.000000883242	0.000000786940	0.000000636098	0.000000093199
0.591836761694	0.714286358384	0.237340293400	0.000000198317	1.000000894792	0.000000379514	0.000000286839	0.000000961066	0.000000910205	1.000000465704	1.000000594702
0.693877830998	0.952380997582	0.057361262217	0.000000430177	0.000000192037	1.000000237253	1.000000280639	0.000000687664	0.000000928319	0.000000006716	0.000000540200
0.224489979343	0.000000485536	0.038913967827	0.000000681825	1.000000798196	0.000000941011	0.000000155483	0.000000934307	0.000000523595	1.000000703887	0.000000022139
0.591837152619	0.619047963310	0.000764413234	1.000000635589	0.000000668830	0.000000346149	0.000000375877	0.000000015199	1.000000172161	0.000000847404	1.000000772508
0.448979972622	0.761904857528	0.087021197080	1.000000157089	0.000000818570	0.000000929949	0.000000405862	0.000000690107	0.000000326508	1.000000875805	0.000000186709
0.306122589173	0.333333477028	0.694851261471	1.000000069348	0.000000282970	0.000000975391	0.000000934043	1.000000957022	0.000000993562	0.000000445493	0.000000438238
0.755102695464	0.000000333429	0.005259419348	0.000000998185	0.000000132120	1.000000052783	0.000000095701	0.000000431735	1.000000067628	0.000000938739	0.000000418566
0.244898181871	0.619047865158	0.093726395191	0.000000585784	0.000000395386	1.000000971114	0.000000926342	0.000000361208	1.000000027593	0.000000332023	0.000000486591
0.775510495761	0.952381404914	0.020585354176	1.000000619289	0.000000006666	0.000000621012	1.000000531072	0.000000567599	0.000000857764	0.000000596613	0.000000262033
0.408163325016	0.714286221155	0.176893084721	0.000000871321	1.000000129520	0.000000381176	0.000000704165	0.000000869837	1.000000301716	0.000000053235	0.000000947152
0.000000853421	0.857142973581	0.071075911936	0.000000699283	0.000000471564	1.000000010162	1.000000983199	0.000000779603	0.000000808516	0.000000352729	1.000000911156
0.448979680833	0.142857185237	0.003723268692	0.000000700331	0.000000447497	1.000000195391	1.000000372141	0.000000518605	0.000000780712	0.000000004550	0.000000521687
0.857143085006	0.095238147397	0.006926934169	0.000000968873	0.000000300128	1.000000181266	0.000000217751	1.000000654013	0.000000983451	0.000000625000	0.000000457745
0.224489898617	0.857143690679	0.380958358354	1.000000753499	0.000000538799	0.000000148260	0.000000973679	1.000000898934	0.000000224102	0.000000327057	0.000000988437
0.081632726168	0.904761977217	0.241237307225	0.000000560189	1.000000304551	0.000000264855	1.000000836639	0.000000874807	0.000000661771	0.000000923686	0.000000951922
0.836735038602	0.047619081266	0.004423366852	0.000000998683	0.000000521436	1.000000584211	1.000000489018	0.000000882578	0.000000356065	0.000000866496	1.000000418920
0.918367786565	0.904762621822	0.037544104836	1.000000918900	0.000000943328	0.000000207436	0.000000432315	0.000000979545	1.000000914490	0.000000091628	1.000000275171
0.673469852514	0.285714559550	0.007091230731	0.000000634265	0.000000455618	1.000000385330	0.000000645770	0.000000908738	1.000000347863	0.000000194741	0.000000207220
0.306122649939	0.952380999746	0.622047361857	0.000000278823	0.000000241174	1.000000480482	0.000000554565	0.000000677720	0.000000493100	1.000000606979	1.000000825882
0.571428810302	0.523809562396	0.009330811790	1.000000595022	0.000000669924	0.000000961596	0.000000541971	0.000000833666	0.000000612765	1.000000693786	1.000000911793
0.632653528635	0.761904913771	0.019012927012	0.000000699031	0.000000021453	1.000000851912	0.000000489811	0.000000731620	0.000000030749	1.000000948445	1.000000017398
0.040816362849	0.333333581083	0.165259032010	0.000000620475	1.000000399980	0.000000303614	0.000000081626	1.000000342777	0.000000913463	0.000000702229	1.000000909759
0.816327167870	0.761904999755	0.028606782637	0.000000663460	0.000000451094	1.000000220077	1.000000852904	0.000000399690	0.000000555906	0.000000023015	1.000000588563
0.367347140662	0.047619072614	0.115246001050	0.000000885756	0.000000739624	1.000000097853	0.000000222757	0.000000925259	1.000000781999	0.000000724258	1.000000863697
0.530612759837	0.095238189058	0.003161115303	1.000000243026	0.000000898015	0.000000510246	0.000000991422	0.000000442388	1.000000318541	0.000000656193	1.000000726768
0.000000286750	0.952381359116	0.087603529458	1.000000194963	0.000000904585	0.000000904377	1.000000037948	0.000000411180	0.000000252184	0.000000701131	1.000000000946
0.265306210412	0.000000206085	0.327574494349	0.000000820225	0.000000101044	1.000000633589	1.000000202466	0.000000690545	0.000000928788	0.000000144739	1.000000003499
0.469387775376	0.047619074069	0.258667464233	0.000000737021	1.000000808647	0.000000397082	0.000000587393	0.000000071099	0.000000904523	1.000000345165	0.000000205400
0.959184379094	0.523809671530	0.007299702197	1.000000376249	0.000000652344	0.000000508658	0.000000761960	0.000000176225	1.000000808124	0.000000871898	1.000000122382
0.653061703363	0.428571780835	0.000860843909	1.000000404040	0.000000952327	0.000000666427	0.000000604441	1.000000278176	0.000000223632	0.000000536219	0.000000921806
0.714285877935	0.047619087091	0.008274078132	0.000000340593	0.000000792328	1.000000145378	1.000000766444	0.000000826086	0.000000953037	0.000000985137	0.000000479732
0.959184130282	0.428571735495	0.121714899484	0.000000672176	1.000000624046	0.000000584670	0.000000993649	0.000000732779	0.000000268164	1.000000780675	0.000000872558
0.244898123651	0.523809955798	0.612379238261	0.000000003165	1.000000517090	0.000000791527	0.000000787373	0.000000717235	1.000000011201	0.000000136378	0.000000537599
0.367346990647	0.904762030845	0.777893290257	0.000000044992	1.000000413798	0.000000233606	0.000000141321	0.000000249597	1.000000653230	0.000000732928	1.000000586997
0.224489950178	0.571428985376	0.529147660348	0.000000488893	0.000000998319	1.000000141722	0.000000337913	0.000000895593	0.000000670144	1.000000284733	0.000000009314
0.448979683631	0.285714371713	0.007162864769	1.000000059311	0.000000039323	0.000000394795	1.000000038558	0.000000107246	0.000000845319	0.000000779368	0.000000743206
0.673470012811	0.047619077995	0.000307792890	1.000000294839	0.000000315725	0.000000608901	0.000000152240	1.000000756749	0.000000358422	0.000000561740	0.000000857536
1.000000919465	0.333333559224	0.003099094813	0.000000853583	0.000000484782	1.000000102300	0.000000216808	0.000000960378	1.000000769722	0.000000684861	0.000000322308
0.306122648266	1.000000570106	0.661833165641	0.000000389805	0.000000501960	1.000000658311	0.000000277332	1.000000989322	0.000000259291	0.000000199091	0.000000104801
0.836735362686	0.142857147804	0.035181662035	0.000000298739	1.000000451924	0.000000257921	0.000000495907	1.000000314295	0.000000730454	0.000000301738	1.000000575264
0.938776078497	0.238095410432	0.002460198952	1.000000876441	0.000000900040	0.000000203989	0.000000977273	1.000000080822	0.000000636880	0.000000518878	0.000000456567
0.081632686656	0.428571647016	0.205465690932	0.000000691553	1.000000123760	0.000000308930	0.000000544632	1.000000562053	0.000000642674	0.000000341280	0.000000802165
0.387755193115	0.809524509626	0.526258944759	1.000000215859	0.000000833266	0.000000067749	0.000000450042	0.000000386005	0.000000474859	1.000000986313	1.000000736760
0.897959619777	0.666667173246	0.005989787822	1.000000010501	0.000000240738	0.000000988303	1.000000253743	0.000000584076	0.000000577608	0.000000207696	1.000000944034
0.408163343297	0.523809916539	0.006165925800	0.000000014738	0.000000587647	1.000000500665	0.000000356817	0.000000757737	1.000000427615	0.000000324977	1.000000135824
0.163265360490	0.904762058719	0.052825124575	1.000000734119	0.000000489410	0.000000117458	0.000000921532	0.000000910259	0.000000619971	1.000000894615	1.000000987121
0.571428662557	0.333333538733	0.003659622112	0.000000374938	0.000000706821	1.000000767055	1.000000163767	0.000000740351	0.000000083922	0.000000694541	1.000000271264
0.755102478149	0.523809589395	0.000000591452	0.000000221864	0.000000203604	1.000000471486	1.000000251870	0.000000444587	0.000000037888	0.000000944064	1.000000179700
0.632653692770	0.190476330578	0.020278890336	0.000000805603	1.000000599477	0.000000790966	0.000000296351	0.000000325505	0.000000543112	1.000000931011	1.000000060697
0.979592041440	0.952381279215	0.007362464663	0.000000657474	0.000000378100	1.000000706886	0.000000164753	0.000000752234	1.000000765318	0.000000467958	0.000000061366
0.224489838443	0.285714293747	0.755805143076	0.000000697777	1.000000459279	0.000000865160	0.000000106113	1.000000270545	0.000000303749	0.000000849455	0.000000407395
0.653061827797	0.190476242340	0.022073190155	0.000000554824	1.000000994801	0.000000351802	1.000000419350	0.000000909180	0.000000196972	0.000000232080	1.000000304832
0.306122633432	0.761905326487	0.544001728361	0.000000361508	0.000000497284	1.000000422596	0.000000649984	0.000000979361	0.000000464800	1.000000609241	1.000000698334
0.510204495741	0.619047959391	0.021559722225	1.000000826288	0.000000661400	0.000000858753	0.000000049548	0.000000914318	0.000000295740	1.000000802567	1.000000370223
0.877551521328	0.857143018514	0.330850656282	0.000000625461	1.000000486866	0.000000870413	0.000000282071	0.000000945749	0.000000239307	1.000000141774	1.000000114741
0.285714379826	0.428571652894	0.262454974827	0.000000413599	0.000000562558	1.000000719873	1.000000612002	0.000000664059	0.000000012608	0.000000754894	0.000000971878
0.020408168976	0.476190739805	0.002319068094	1.000000999026	0.000000621139	0.000000486419	0.000000057961	1.000000759268	0.000000780556	0.000000640721	1.000000755141
0.122449052794	0.380952699217	0.003755535636	1.000000481207	0.000000723571	0.000000644638	0.000000246679	0.000000489451	1.000000019084	0.000000945361	1.000000357644
0.959184123002	0.714286254027	0.140122898965	0.000000396927	1.000000682877	0.000000378073	1.000000951513	0.000000673602	0.000000320755	0.000000114757	1.000000570901
0.000000009020	0.809523865449	0.005807953420	1.000000172138	0.000000586546	0.000000800109	0.000000549905	1.000000255778	0.000000752116	0.000000845072	1.000000400673
0.775510548130	0.095238131020	0.124448318151	0.000000426334	1.000000526936	0.000000503967	0.000000884158	1.000000737416	0.000000622199	0.000000002791	0.000000114280
0.061224498754	0.571428832874	0.001357057504	1.000000926354	0.000000899069	0.000000113660	0.000000259913	0.000000024677	1.000000771517	0.000000936426	0.000000503718
0.877551375320	0.714286177142	0.007155987843	0.000000236466	0.000000875177	1.000000757815	0.000000566694	0.000000487719	1.000000740949	0.000000851703	1.000000098978
0.326530617679	0.190476315317	0.441449086094	0.000000361613	0.000000915382	1.000000638212	0.000000754892	1.000000278743	0.000000429884	0.000000172094	0.000000315933
0.387755134131	0.809524224272	0.413962661424	0.000000930708	0.000000423888	1.000000114933	0.000000153583	0.000000205720	0.000000102996	1.000000056579	0.000000773175
0.102040877096	0.952381497922	0.052560216093	1.000000716829	0.000000910049	0.000000979975	1.000000363529	0.000000708641	0.000000855024	0.000000496510	0.000000262165
0.816327096774	0.333333576469	0.001087452071	0.000000541216	0.000000263703	1.000000841227	0.000000709751	0.000000735191	0.000000892940	1.000000663447	1.000000105085
0.693878025991	0.047619060558	0.010294234509	0.000000857927	1.000000004131	0.000000788671	0.000000488058	0.000000562712	1.000000244872	0.000000429852	0.000000884756
0.816326692753	0.000000058496	0.011874415442	0.000000566028	0.000000612028	1.000000764676	0.000000489880	0.000000863323	0.000000755158	1.000000234506	0.000000781003
0.224489814100	0.666667283341	0.881222399717	0.000000846207	1.000000303858	0.000000310279	0.000000539809	0.000000559087	0.000000474914	1.000000714527	1.000000997837
1.000000882863	1.000000497715	0.241933521303	0.000000068671	1.000000857961	0.000000609313	1.000000030207	0.000000264087	0.000000807476	0.000000775866	0.000000015844
0.530612277120	0.619048137788	0.045106727804	0.000000069204	1.000000351800	0.000000002263	0.000000687253	1.000000360293	0.000000018109	0.000000024155	0.000000654125
1.000000242879	0.619047982270	0.003705504811	1.000000340273	0.000000919711	0.000000391717	1.000000052822	0.000000004094	0.000000967342	0.000000727779	1.000000176201
0.714285837659	0.238095364814	0.001052372855	0.000000934042	0.000000890539	1.000000211308	0.000000416548	0.000000610364	0.000000177312	1.000000735053	0.000000924221
0.469387843433	0.761905350139	0.155940040499	0.000000124173	1.000000914526	0.000000879990	0.000000182464	0.000000610952	0.000000590497	1.000000017375	1.000000215882
0.673469621225	1.000000892280	0.085303931883	0.000000123299	0.000000938842	1.000000913555	0.000000904587	0.000000534449	1.000000630195	0.000000760223	0.000000488405
0.306122618837	0.952381747305	0.187218424911	0.000000403027	0.000000141110	1.000000115244	0.000000475818	1.000000704128	0.000000422149	0.000000173895	0.000000923964
0.653061428799	0.523809719964	0.001132817467	0.000000413362	0.000000180331	1.000000517336	1.000000204545	0.000000100921	0.000000286668	0.000000445830	0.000000040934
0.653061832988	0.238095328657	0.000356637163	1.000000748418	0.000000374547	0.000000995588	0.000000763310	1.000000188307	0.000000860641	0.000000506427	0.000000985335
0.163265360745	0.952381217584	0.020984903770	1.000000055291	0.000000664656	0.000000728405	0.000000243925	0.000000745990	1.000000458801	0.000000530193	0.000000506842
0.367347232331	0.142857198916	0.766999795425	0.000000232971	1.000000473721	0.000000922607	0.000000803407	0.000000009248	1.000000533627	0.000000344139	1.000000853745
0.081632673719	0.619047669322	0.031620089665	0.000000718174	1.000000821167	0.000000477676	0.000000635107	0.000000660809	1.000000343249	0.000000165263	0.000000071229
0.040816366522	0.761905407118	0.363921035701	0.000000904954	1.000000301240	0.000000510352	0.000000249413	0.000000472149	1.000000186740	0.000000339015	0.000000437348
0.836735400885	0.142857261925	0.003676197799	0.000000994987	0.000000785086	1.000000911457	0.000000298393	1.000000641082	0.000000816168	0.000000000614	0.000000021066
0.061224514462	0.000000390142	0.005084915190	0.000000825392	0.000000955857	1.000000356820	1.000000428763	0.000000122503	0.000000884768	0.000000831088	1.000000596753
0.285714426325	0.047619077085	0.246261048939	1.000000470958	0.000000036178	0.000000444181	0.000000897552	1.000000499179	0.000000540642	0.000000329921	1.000000399489
1.000000179915	0.809523873886	0.091114245713	0.000000667677	1.000000317392	0.000000877942	0.000000934826	0.000000189455	1.000000525322	0.000000276173	1.000000455571
0.857142997895	0.428571460686	0.001822853695	1.000000354421	0.000000349923	0.000000873646	0.000000087871	1.000000038740	0.000000386605	0.000000299950	0.000000472592
0.795919158135	0.523809621014	0.221184274685	0.000000879675	1.000000904154	0.000000204062	0.000000031193	1.000000591667	0.000000665011	0.000000736105	0.000000523458
0.551020801263	0.714286412832	0.185046426238	0.000000670176	1.000000061188	0.000000558743	0.000000576702	0.000000591786	0.000000163258	1.000000182037	1.000000008731
0.346939052616	0.285714302184	0.412841738107	0.000000408338	1.000000042862	0.000000138930	0.000000868483	0.000000505673	1.000000658110	0.000000431470	1.000000631665
0.551020673757	0.857143618832	0.082150807739	0.000000015351	0.000000640400	1.000000659695	0.000000996502	1.000000118330	0.000000663994	0.000000706078	1.000000370314
0.693878131294	0.619047650898	0.200468382059	0.000000986810	1.000000351068	0.000000181176	0.000000513634	0.000000496742	0.000000107738	1.000000356843	0.000000681084
0.918367551059	0.285714531838	0.005446510031	1.000000877761	0.000000582216	0.000000440791	0.000000590388	1.000000868484	0.000000023823	0.000000457009	1.000000418105
0.510204571036	0.238095361748	0.004495302806	0.000000984038	0.000000532077	1.000000608304	0.000000791702	0.000000212233	1.000000629523	0.000000958518	1.000000202797
0.408163399526	0.476190579061	0.045018913141	0.000000516764	1.000000606697	0.000000635617	1.000000710181	0.000000607071	0.000000389288	0.000000333792	0.000000228012
0.551020557690	0.238095443588	0.241813803997	0.000000816885	1.000000482374	0.000000623168	0.000000940158	0.000000637457	1.000000927778	0.000000874745	1.000000731117
0.571428790682	0.476190652993	0.006652813364	0.000000406625	0.000000172978	1.000000874796	0.000000126951	0.000000400731	1.000000900889	0.000000070898	0.000000620393
0.918367418969	0.142857235568	0.004667070371	1.000000924731	0.000000711537	0.000000562964	0.000000075684	0.000000914037	1.000000184173	0.000000738465	0.000000989142
0.122448981250	0.619048078213	0.076545287922	0.000000242373	1.000000305441	0.000000176214	0.000000154065	0.000000967534	1.000000988007	0.000000822295	0.000000501847
0.020408166363	0.809524445613	0.172792607226	0.000000306592	1.000000074668	0.000000170709	0.000000473471	0.000000720767	1.000000758904	0.000000042542	0.000000886796
0.612244934533	1.000000696534	0.041803662087	0.000000508158	0.000000732385	1.000000497765	1.000000582736	0.000000589085	0.000000976324	0.000000807929	1.000000019512
0.183673525361	0.714286260497	0.019780609547	0.000000620721	1.000000817309	0.000000929227	0.000000659013	0.000000216968	0.000000204370	1.000000067499	1.000000331382
1.000000060745	0.952381505729	0.067929167147	0.000000608117	0.000000337201	1.000000352577	0.000000430067	0.000000585140	0.000000007744	1.000000022709	1.000000527863
0.551020562927	0.142857280340	0.216668133224	0.000000846724	1.000000932867	0.000000457635	0.000000312408	1.000000548353	0.000000591337	0.000000871754	1.000000850623
0.673469419417	0.619048114660	0.004550217942	0.000000559725	0.000000922042	1.000000486748	0.000000499600	1.000000350707	0.000000272818	0.000000007992	0.000000368009
0.877551858938	0.142857143708	0.060566645693	0.000000510164	1.000000832533	0.000000970322	0.000000985153	0.000000915382	1.000000147618	0.000000344349	1.000000028210
0.918367942431	0.476190936825	0.007172411605	0.000000249662	0.000000283994	1.000000619584	1.000000754359	0.000000955663	0.000000555662	0.000000685568	0.000000459488
0.897959946397	0.238095285917	0.004052076389	1.000000469675	0.000000327707	0.000000798442	0.000000629441	0.000000204124	1.000000209239	0.000000320191	0.000000751853
0.693877907816	0.619047686420	0.139494788047	0.000000252166	1.000000603750	0.000000246330	0.000000502404	0.000000306857	1.000000091381	0.000000254141	1.000000704565
0.448980020439	0.619047632049	0.003407183913	1.000000266567	0.000000924918	0.000000973892	0.000000939956	1.000000179613	0.000000484116	0.000000757781	0.000000273823
0.183673477719	0.761905477937	0.028015012235	1.000000209900	0.000000146780	0.000000503405	1.000000394870	0.000000872727	0.000000735992	0.000000148319	0.000000205031
0.755102700404	0.714286186864	0.074263121160	0.000000036941	1.000000433245	0.000000875796	1.000000508172	0.000000241713	0.000000628222	0.000000979451	1.000000084002
0.367347100251	0.666666797314	0.801156310611	0.000000777301	1.000000277006	0.000000096138	0.000000236519	1.000000970400	0.000000448844	0.000000060093	1.000000291495
1.000000269743	0.476190787788	0.005859021147	1.000000986291	0.000000884243	0.000000939494	0.000000789151	1.000000743472	0.000000134261	0.000000974099	0.000000595429
0.653061256262	0.142857147237	0.049739024991	0.000000126450	1.000000782968	0.000000288998	0.000000608786	0.000000615309	0.000000087539	1.000000022825	1.000000365185
0.061224528490	0.190476294313	0.153500553134	0.000000426620	1.000000764360	0.000000428023	0.000000880837	0.000000871983	1.000000532840	0.000000762422	0.000000642343
0.693877584629	0.285714421054	0.254883170361	0.000000015424	1.000000516501	0.000000958336	0.000000305324	0.000000933299	1.000000515357	0.000000557730	1.000000552244
0.530612430678	0.666667089557	0.216921696957	0.000000376046	1.000000559860	0.000000266101	0.000000115854	0.000000091745	0.000000906141	1.000000824650	0.000000790740
0.224489890479	0.761905487910	0.288115769989	0.000000419159	0.000000343907	1.000000707610	0.000000580052	0.000000135237	1.000000021176	0.000000882863	1.000000170526
0.836734780771	0.476190847370	0.184904693155	0.000000720911	1.000000614247	0.000000936613	0.000000465804	0.000000150521	1.000000714093	0.000000590781	0.000000461407
1.000000250698	0.428571804886	0.210645145806	0.000000722807	1.000000409623	0.000000045128	0.000000207704	0.000000054121	0.000000051892	1.000000184598	0.000000008892
0.448979845020	0.095238120052	0.060565762182	0.000000940393	1.000000298187	0.000000439597	0.000000758063	0.000000647696	0.000000933043	1.000000993316	0.000000865479
0.285714379808	0.476190613119	0.316548529857	1.000000477598	0.000000712397	0.000000624276	0.000000356871	1.000000244690	0.000000257346	0.000000951621	0.000000419011
0.510204288647	0.285714487907	0.006274860567	1.000000393614	0.000000491926	0.000000313723	1.000000705076	0.000000165141	0.000000506927	0.000000082493	0.000000752481
0.836734759414	0.666667038067	0.076957982348	0.000000719197	1.000000993955	0.000000546258	0.000000275553	0.000000645534	1.000000847740	0.000000371407	0.000000219652
0.959184283208	0.619047675622	0.023789103745	1.000000169248	0.000000380216	0.000000720282	0.000000746157	0.000000960566	0.000000110946	1.000000704020	0.000000970876
0.428571762868	0.666666780955	0.005038140513	1.000000848565	0.000000940178	0.000000725323	1.000000789203	0.000000803700	0.000000263563	0.000000789206	0.000000413483
0.673469542368	0.285714507240	0.009646233765	1.000000497632	0.000000559734	0.000000589671	0.000000701785	0.000000223384	0.000000227733	1.000000239313	1.000000841113
0.612244973173	0.666667038798	0.203696892272	0.000000075319	1.000000694773	0.000000316507	0.000000611274	0.000000661807	0.000000158012	1.000000229530	0.000000716369
0.469387794530	0.952381553851	0.039832437278	0.000000725376	1.000000459007	0.000000830371	0.000000240399	0.000000893070	0.000000536028	1.000000408224	1.000000341169
0.020408164463	0.952381889959	0.071541918128	1.000000423587	0.000000685440	0.000000205863	0.000000466267	0.000000907649	0.000000691912	1.000000980134	0.000000899165
0.020408168977	0.809523986090	0.021363980348	1.000000852469	0.000000070831	0.000000600440	0.000000157699	0.000000040018	1.000000611848	0.000000134284	0.000000104605
0.408163662402	0.809524226979	0.286408252980	0.000000300374	1.000000762551	0.000000563197	0.000000025275	0.000000886311	0.000000141141	1.000000238505	1.000000942020
0.183673590398	0.238095242734	0.000976219933	1.000000631893	0.000000997193	0.000000641491	0.000000468437	0.000000808902	1.000000942160	0.000000472429	1.000000231104
0.571428666603	0.952380987825	0.012243195994	1.000000626415	0.000000650315	0.000000457300	0.000000654037	0.000000074772	0.000000816548	1.000000820840	0.000000001165
0.244898133432	0.523809916231	0.317278717486	0.000000231729	0.000000806694	1.000000675178	0.000000310718	0.000000924537	1.000000251053	0.000000599240	1.000000909521
0.897959768789	0.857143147103	0.055794042752	1.000000529539	0.000000710457	0.000000533687	0.000000973475	0.000000119019	0.000000296378	1.000000933535	1.000000188216
0.224489970821	0.476190816653	0.612688038302	0.000000459768	0.000000704473	1.000000862183	0.000000662797	0.000000760233	0.000000138408	1.000000865675	0.000000853432
0.857143078388	0.428571539343	0.007476282103	1.000000600527	0.000000018382	0.000000754827	0.000000232748	0.000000433654	0.000000971195	1.000000007168	1.000000161971
0.122449049003	0.714285890524	0.003059208233	1.000000550620	0.000000514624	0.000000323697	1.000000872374	0.000000968661	0.000000031074	0.000000912303	1.000000549179
0.816326574909	0.428571812858	0.001849569656	0.000000711469	0.000000751855	1.000000202878	1.000000494797	0.000000364005	0.000000901297	0.000000592985	1.000000532701
0.408163661313	0.047619056503	0.219311555051	0.000000515323	1.000000975121	0.000000725405	1.000000998392	0.000000675207	0.000000446535	0.000000847041	0.000000316416
0.693877605654	0.571429075789	0.067910986805	0.000000396628	1.000000892165	0.000000944925	0.000000634392	0.000000910733	0.000000986648	1.000000321881	1.000000078955
0.142857173371	0.809524166981	0.073572743779	0.000000053451	0.000000345239	1.000000923971	0.000000965332	0.000000233837	0.000000569085	1.000000485384	1.000000181158
1.000000385676	0.714286222066	0.007123566417	1.000000795795	0.000000237803	0.000000960708	0.000000148676	0.000000016944	1.000000449291	0.000000925886	1.000000776851
0.204081694178	0.380952609177	0.088397696853	1.000000027727	0.000000325478	0.000000676025	1.000000530015	0.000000545449	0.000000138498	0.000000653144	1.000000561325
0.244898057652	0.428571487410	0.097677231609	0.000000160151	0.000000730632	1.000000132863	0.000000780218	1.000000417798	0.000000628274	0.000000322152	1.000000641875
0.244898150716	0.238095382014	0.363808786482	0.000000501130	1.000000289980	0.000000409641	1.000000060892	0.000000938739	0.000000651202	0.000000551682	0.000000764792
0.306122631959	0.952381559938	0.683286899349	1.000000920624	0.000000094557	0.000000299653	0.000000952552	0.000000052614	0.000000087072	1.000000759432	1.000000383176
0.612245402225	0.428571643368	0.006252364749	0.000000336505	0.000000831456	1.000000058328	0.000000129845	0.000000613558	1.000000873950	0.000000185642	0.000000299935
0.489796147408	0.809524562946	0.039630346607	0.000000318752	0.000000786698	1.000000370203	0.000000018232	0.000000039488	1.000000033508	0.000000027070	0.000000870367
0.510204389230	0.095238117500	0.008039327846	0.000000358671	0.000000618606	1.000000957510	0.000000916484	0.000000646768	0.000000669990	1.000000853187	0.000000998676
0.326530882249	0.476190742472	0.916065935188	0.000000600039	1.000000261065	0.000000502231	1.000000319373	0.000000212394	0.000000052175	0.000000726481	1.000000412817
0.938775516231	1.000000512783	0.024409186394	1.000000079031	0.000000566040	0.000000803512	1.000000424941	0.000000560609	0.000000137738	0.000000698732	1.000000952031
0.591836982193	0.761905172772	0.026258397066	1.000000769816	0.000000544724	0.000000342291	1.000000060701	0.000000220797	0.000000149357	0.000000605138	0.000000851452
0.122449058479	0.047619082992	0.001517502918	0.000000982685	0.000000316699	1.000000675045	1.000000513171	0.000000453550	0.000000061954	0.000000328177	0.000000258158
0.551020866434	0.428571457700	0.189516929431	0.000000911601	1.000000126473	0.000000328497	1.000000995097	0.000000191764	0.000000110453	0.000000953056	0.000000463048
0.673469506276	0.095238096435	0.006584655721	1.000000378033	0.000000036780	0.000000117189	0.000000734746	1.000000693655	0.000000677407	0.000000486647	0.000000582904
0.448979922912	0.857143110055	0.031969464997	0.000000067956	0.000000158013	1.000000055766	0.000000921647	1.000000954568	0.000000169897	0.000000061774	1.000000677033
0.714286392561	0.238095273235	0.002104966210	0.000000808888	0.000000523158	1.000000287878	0.000000993151	1.000000174439	0.000000745050	0.000000798720	1.000000532850
0.489796129076	0.095238110189	0.218827592942	0.000000683847	1.000000967620	0.000000703546	0.000000996187	0.000000827805	1.000000993580	0.000000745842	1.000000604779
0.224490009730	0.904762651692	0.099033489250	1.000000029087	0.000000623302	0.000000166885	1.000000008585	0.000000133226	0.000000940694	0.000000571163	0.000000840857
0.530612609528	0.142857181906	0.003938775704	0.000000612507	0.000000886317	1.000000526054	1.000000854350	0.000000968996	0.000000973774	0.000000926807	0.000000381399
0.816326591886	0.190476334094	0.256634409586	0.000000539596	1.000000967705	0.000000827305	0.000000597253	0.000000532014	1.000000556177	0.000000658171	1.000000364116
0.918368208020	0.095238181513	0.001232207988	0.000000683791	0.000000386543	1.000000405011	1.000000547115	0.000000286701	0.000000836551	0.000000279692	0.000000320048
0.816327091681	0.285714545862	0.267699049620	0.000000688124	1.000000014799	0.000000769541	0.000000763166	1.000000000828	0.000000513034	0.000000389093	0.000000894695
0.571428997338	0.142857282858	0.003722821597	0.000000835036	0.000000533330	1.000000464871	1.000000288849	0.000000915128	0.000000561706	0.000000941983	1.000000878717
0.408163480408	0.523809966712	0.004224070561	1.000000331227	0.000000408381	0.000000317786	0.000000602439	1.000000343582	0.000000688677	0.000000558676	0.000000782582
0.979592428103	0.047619055653	0.000869428800	0.000000804423	0.000000747972	1.000000750564	0.000000017861	1.000000251238	0.000000615181	0.000000285117	1.000000439530
0.836735447865	0.095238099765	0.000560821035	1.000000058924	0.000000647535	0.000000079011	0.000000020082	1.000000606441	0.000000555056	0.000000479790	1.000000371235
0.061224492425	0.571428593782	0.003403411021	1.000000386833	0.000000884195	0.000000967722	0.000000769441	0.000000554361	0.000000493981	1.000000748461	1.000000900540
0.530612350717	0.333333456919	0.003736366191	0.000000981801	0.000000069049	1.000000464445	1.000000259304	0.000000708677	0.000000129841	0.000000098669	0.000000245629
0.346938792929	0.476190600679	0.174920553488	1.000000252209	0.000000616833	0.000000285419	0.000000861413	0.000000108302	1.000000583604	0.000000735799	1.000000080030
0.979592542788	0.238095363208	0.018762729618	0.000000080621	1.000000142343	0.000000273564	0.000000243305	0.000000636027	1.000000240085	0.000000172644	1.000000292802
0.530612670391	0.523809984980	0.195498321581	0.000000326414	1.000000142997	0.000000201401	1.000000892179	0.000000945947	0.000000327957	0.000000574315	0.000000933303
0.306122697420	0.190476310612	0.699109997535	1.000000118437	0.000000076889	0.000000340570	0.000000729576	0.000000196557	1.000000098403	0.000000510375	0.000000574899
0.102040888630	0.142857235630	0.001154575485	1.000000734592	0.000000195747	0.000000469825	0.000000551266	0.000000136380	1.000000711777	0.000000536079	0.000000581987
0.408163394759	0.333333609828	0.021899638233	1.000000115198	0.000000742130	0.000000243381	0.000000276693	0.000000339019	0.000000191640	1.000000274587	0.000000014725
0.714286266019	1.000000426795	0.076127207215	0.000000307025	0.000000370267	1.000000091490	0.000000242375	0.000000634486	0.000000055560	1.000000922030	0.000000155824
0.244898043759	0.809524591948	0.463706723579	1.000000384860	0.000000899905	0.000000075112	0.000000023616	0.000000033709	1.000000482044	0.000000347305	0.000000893787
0.367347033260	0.428571700697	0.220808790939	1.000000647493	0.000000762532	0.000000366573	1.000000518924	0.000000693064	0.000000122975	0.000000208463	1.000000446972
0.755102299536	0.285714379575	0.053504025117	0.000000134992	1.000000749370	0.000000278060	0.000000281486	0.000000715830	1.000000920937	0.000000757587	1.000000162844
0.714286193282	0.714286272728	0.002794708445	1.000000764136	0.000000920484	0.000000009861	0.000000332099	0.000000837432	1.000000540790	0.000000256009	1.000000376802
0.306122596796	0.666666964556	0.116339276611	1.000000628892	0.000000784418	0.000000540189	0.000000937918	0.000000291346	0.000000274888	1.000000171761	1.000000564951
0.734693921014	0.857142895521	0.003787580426	0.000000262808	0.000000107700	1.000000328491	0.000000091398	1.000000402543	0.000000531294	0.000000581123	0.000000275191
0.081632683138	0.380952747728	0.019308146722	0.000000910190	0.000000963607	1.000000754112	0.000000673805	0.000000705348	0.000000264386	1.000000446155	0.000000571007
0.265306285815	0.047619091296	0.201158522394	0.000000102943	1.000000879569	0.000000462176	1.000000537678	0.000000632589	0.000000957216	0.000000690067	0.000000972323
0.265306134107	0.476190740634	0.535551444374	0.000000089960	1.000000192573	0.000000038579	1.000000992607	0.000000072907	0.000000015007	0.000000242334	0.000000127803
0.244898106003	0.952381826167	0.291763518900	0.000000915910	1.000000971958	0.000000685948	0.000000428706	1.000000343111	0.000000679150	0.000000475394	1.000000702981
0.000000322320	0.476190919679	0.003022720744	1.000000196330	0.000000118958	0.000000822460	0.000000062156	0.000000372439	1.000000821093	0.000000704836	1.000000218568
0.714286120092	0.523809712571	0.092703913983	0.000000885872	1.000000502389	0.000000775385	0.000000037199	0.000000145612	0.000000225476	1.000000674933	1.000000823350
0.387755266285	0.523809983845	0.037476449014	0.000000586590	0.000000239832	1.000000991227	1.000000368944	0.000000701558	0.000000221916	0.000000201404	0.000000236016
0.081632728402	0.809523964222	0.006499548412	0.000000193147	0.000000483708	1.000000434350	0.000000461376	0.000000234663	1.000000774781	0.000000393274	1.000000340311
0.346939096749	0.809524116692	0.276975713205	0.000000921803	0.000000321609	1.000000095943	0.000000184927	0.000000095444	0.000000390359	1.000000125719	0.000000167891
0.714286261567	0.238095448053	0.014990231996	0.000000020071	0.000000650258	1.000000785226	0.000000748003	0.000000737511	0.000000450781	1.000000685751	0.000000253235
0.306122458001	0.809524450544	0.357628009304	0.000000703912	0.000000132478	1.000000624742	0.000000846819	0.000000907692	1.000000834077	0.000000762639	0.000000595017
0.489795953209	0.095238132437	0.017047476710	1.000000119348	0.000000596549	0.000000921644	0.000000827941	0.000000626194	0.000000929743	1.000000204927	0.000000708285
0.183673493700	0.380952413803	0.004804428218	1.000000375352	0.000000487316	0.000000336816	1.000000847889	0.000000753681	0.000000409180	0.000000215929	1.000000501844
0.408163332363	0.619047732221	0.023233228269	1.000000944918	0.000000228433	0.000000523727	0.000000264192	0.000000192144	0.000000360408	1.000000909578	1.000000965208
0.795918940022	0.952381095177	0.037647126329	1.000000981156	0.000000605116	0.000000658896	0.000000742258	1.000000016427	0.000000646397	0.000000398497	0.000000899494
0.489796173279	0.904762190044	0.366171659394	0.000000345312	1.000000526774	0.000000535816	1.000000812445	0.000000083301	0.000000596413	0.000000836178	1.000000176637
0.326530796312	0.000000152088	0.495497642367	0.000000393569	1.000000778905	0.000000144243	1.000000861696	0.000000914946	0.000000389750	0.000000085131	0.000000261307
0.693878154742	0.952381507355	0.058973727378	0.000000819516	0.000000623619	1.000000906707	0.000000794125	1.000000903721	0.000000741210	0.000000932885	0.000000979884
0.673469548919	0.809524595861	0.022904130924	0.000000099154	0.000000358169	1.000000994125	0.000000844918	1.000000135109	0.000000747727	0.000000027726	1.000000770891
0.551020749370	0.000000726542	0.251101683525	0.000000335321	1.000000190871	0.000000392389	0.000000281937	1.000000375685	0.000000005490	0.000000956021	0.000000901238
0.326530921937	0.904762525592	0.173961939014	0.000000548401	0.000000043773	1.000000641806	0.000000979384	0.000000023009	0.000000356953	1.000000133028	0.000000382666
0.775510655432	1.000000706585	0.014219384333	0.000000710195	0.000000141463	1.000000421271	0.000000097918	0.000000064306	0.000000877105	1.000000429059	0.000000572761
0.102040883636	0.095238107381	0.179675333856	0.000000067839	1.000000495383	0.000000399030	0.000000355590	0.000000340811	0.000000958364	1.000000702861	1.000000694912
0.163265310273	0.047619049284	0.008097425117	0.000000554630	0.000000643026	1.000000021926	0.000000623976	1.000000664645	0.000000603490	0.000000664109	0.000000761588
0.653061589552	0.428571640276	0.004671217637	0.000000334643	0.000000251388	1.000000165001	0.000000833872	1.000000585118	0.000000285874	0.000000736865	0.000000635315
0.204081638140	0.666666781743	0.429306308040	0.000000778011	1.000000444061	0.000000813315	0.000000424945	1.000000851312	0.000000986584	0.000000845899	1.000000211719
0.020408179876	0.523809539406	0.010302520402	1.000000413746	0.000000961322	0.000000197875	0.000000823697	0.000000867830	0.000000267551	1.000000297728	1.000000959016
0.775510315798	0.904762798849	0.068827763514	0.000000656971	0.000000512616	1.000000057531	1.000000684127	0.000000690584	0.000000490253	0.000000178262	0.000000298321
0.632653472005	0.952381680701	0.085483990041	1.000000357445	0.000000930787	0.000000948736	0.000000875463	0.000000359499	1.000000539289	0.000000938923	1.000000559155
0.244898056487	0.761904974997	0.422646271143	0.000000466249	0.000000987451	1.000000775024	0.000000451340	1.000000615005	0.000000660209	0.000000093118	1.000000494521
0.510204457126	0.190476250886	0.008420907397	1.000000367512	0.000000978871	0.000000958088	0.000000084795	1.000000295192	0.000000270976	0.000000194940	0.000000589921
1.000000564699	0.238095323393	0.104927275196	0.000000672053	1.000000441716	0.000000922344	0.000000703464	0.000000960505	1.000000856437	0.000000521963	1.000000650704
0.448979992400	0.904762591473	0.023687781226	0.000000519806	0.000000608077	1.000000814834	1.000000309341	0.000000542851	0.000000305172	0.000000134023	0.000000402096
0.795918995525	1.000000694833	0.035130824007	0.000000687917	0.000000459119	1.000000632370	0.000000217491	0.000000066002	1.000000298111	0.000000229845	0.000000086312
0.122448991474	0.047619073506	0.169724273992	0.000000051376	1.000000486736	0.000000177763	1.000000198072	0.000000734150	0.000000608273	0.000000973401	0.000000291104
0.612245203476	0.714286163613	0.004355058903	0.000000193061	0.000000522597	1.000000517046	0.000000256068	0.000000935514	1.000000421020	0.000000211859	1.000000494137
0.938776277066	0.285714427455	0.023210966109	0.000000210077	0.000000243937	1.000000859533	0.000000033075	0.000000957854	0.000000034190	1.000000757025	1.000000057556
0.653061642069	0.619047706187	0.001787035726	0.000000013251	0.000000215493	1.000000032616	1.000000065547	0.000000462771	0.000000547490	0.000000152122	1.000000657122
0.897959761722	0.000000865761	0.003963418984	1.000000666676	0.000000576943	0.000000973157	0.000000383851	0.000000015681	1.000000400519	0.000000095802	1.000000380298
0.204081677187	0.571428962265	0.751142153011	0.000000564157	1.000000735224	0.000000907357	1.000000186528	0.000000218318	0.000000868803	0.000000945262	1.000000977653
0.204081682992	0.285714411899	0.077843555412	0.000000489461	0.000000671115	1.000000140984	0.000000574114	0.000000240660	1.000000877209	0.000000970329	1.000000001959
0.836734830183	0.761904825402	0.092703987716	1.000000857215	0.000000719451	0.000000631814	1.000000576913	0.000000799132	0.000000740119	0.000000280403	0.000000819361
0.142857233617	0.523809906247	0.003722822557	0.000000681354	0.000000932337	1.000000766189	0.000000961086	0.000000877990	1.000000687738	0.000000596126	1.000000726995
0.959184144059	0.952381422121	0.073741691266	0.000000067981	0.000000384756	1.000000011536	1.000000547443	0.000000740726	0.000000287904	0.000000287648	0.000000661417
0.530612635532	0.142857170724	0.041254470418	0.000000279514	1.000000031930	0.000000366752	0.000000027293	1.000000028400	0.000000122786	0.000000351373	1.000000232238
0.877551714192	0.428571608183	0.004661448577	0.000000666997	0.000000977812	1.000000782305	1.000000509753	0.000000991758	0.000000329841	0.000000247061	1.000000065325
0.346938873086	0.285714445940	0.048564338062	0.000000017453	1.000000264084	0.000000971945	0.000000284864	0.000000154009	1.000000866400	0.000000767143	1.000000689944
0.163265309235	0.904762629954	0.216899787895	0.000000113146	1.000000539051	0.000000287879	0.000000536915	0.000000951146	0.000000607263	1.000000360155	1.000000454227
0.571428576625	0.666666784711	0.009677530906	1.000000549641	0.000000215771	0.000000581316	0.000000992327	0.000000146683	0.000000634675	1.000000580135	0.000000203335
0.591837093763	0.380952442941	0.068129430663	0.000000109514	1.000000978842	0.000000220219	1.000000736487	0.000000067672	0.000000330067	0.000000583877	0.000000704691
0.061224500735	0.047619068903	0.008345339741	1.000000238617	0.000000749173	0.000000686173	0.000000683905	1.000000958896	0.000000126919	0.000000847912	0.000000054652
0.897959972538	0.142857259350	0.018260817287	0.000000421745	0.000000466158	1.000000422225	0.000000436059	0.000000002092	0.000000034141	1.000000527088	0.000000551014
0.102040856676	0.142857188159	0.006599605984	1.000000504599	0.000000296598	0.000000853570	0.000000511315	0.000000797091	1.000000289327	0.000000126631	0.000000765698
0.918368069021	0.619047702357	0.003854849764	0.000000258908	0.000000129752	1.000000752973	0.000000181296	0.000000351748	1.000000751281	0.000000409551	0.000000802017
0.244898142843	0.047619087159	0.781204739954	0.000000737592	1.000000467909	0.000000372788	1.000000398063	0.000000877536	0.000000891155	0.000000711281	1.000000970885
0.061224548170	0.952381800955	0.236327199342	0.000000216846	1.000000071825	0.000000015448	0.000000546494	0.000000937676	1.000000491617	0.000000083414	0.000000370342
0.000000269179	0.047619082905	0.063163857170	0.000000771999	1.000000970439	0.000000964322	0.000000006240	0.000000744685	1.000000413387	0.000000938416	0.000000102783
0.224489803245	0.619048020304	0.242248649008	1.000000784047	0.000000694200	0.000000946777	0.000000757616	0.000000654213	0.000000038534	1.000000117195	1.000000114248
0.591837137200	0.047619056793	0.130122372759	0.000000923727	1.000000841419	0.000000551365	0.000000515822	0.000000152039	0.000000249912	1.000000551389	1.000000890165
0.510204273195	0.666666814065	0.004051779974	1.000000409994	0.000000336994	0.000000270965	1.000000127849	0.000000881112	0.000000056093	0.000000942265	0.000000491909
0.857143273568	0.714286041642	0.001418704437	1.000000589801	0.000000992895	0.000000093792	0.000000216465	1.000000505503	0.000000221194	0.000000128086	0.000000668555
0.897959197138	0.238095285174	0.001618152225	1.000000136029	0.000000229788	0.000000814127	0.000000305642	0.000000458145	0.000000508952	1.000000061834	0.000000028209
0.877551331393	1.000000743155	0.258021355911	0.000000410469	1.000000069153	0.000000484645	0.000000911802	0.000000869244	1.000000400442	0.000000571161	1.000000503273
0.571429120398	0.000000523065	0.258040094539	0.000000788710	1.000000755301	0.000000682227	0.000000335260	0.000000222218	0.000000394790	1.000000322436	1.000000594042
0.510204499882	0.190476199971	0.022978873500	1.000000993817	0.000000616637	0.000000509117	0.000000136238	0.000000534057	0.000000252284	1.000000660773	0.000000124985
0.551020852190	0.809523927362	0.070747631115	0.000000735674	1.000000025561	0.000000501309	1.000000529826	0.000000106974	0.000000789228	0.000000247910	1.000000498107
0.163265354403	0.523809579425	0.001329897178	1.000000202870	0.000000566376	0.000000866035	0.000000184253	1.000000148215	0.000000083939	0.000000669814	1.000000677747
0.163265411815	0.285714493186	0.005131017343	1.000000203992	0.000000770578	0.000000720230	0.000000156870	1.000000804910	0.000000203249	0.000000435888	0.000000391205
0.653061486915	0.000000355309	0.222897630367	0.000000005211	1.000000028904	0.000000251847	0.000000952190	0.000000410838	0.000000808888	1.000000041651	0.000000279554
0.346938885993	0.761905074060	0.491357624443	0.000000161032	0.000000539514	1.000000975898	0.000000936378	0.000000991981	0.000000253125	1.000000016777	0.000000983035
0.653061617799	0.142857144080	0.267117334612	0.000000885082	1.000000401679	0.000000507103	0.000000592560	0.000000327743	0.000000023045	1.000000130353	1.000000395384
0.673470016281	0.000000659020	0.135425017758	0.000000757814	1.000000214355	0.000000521004	0.000000351333	0.000000114709	1.000000642832	0.000000175244	1.000000571492
0.020408166466	1.000000160607	0.323345626828	0.000000817999	1.000000789008	0.000000825444	0.000000980834	1.000000029812	0.000000393432	0.000000003431	0.000000022749
0.693878067612	0.476190548249	0.007419079628	1.000000334877	0.000000836083	0.000000714259	1.000000770767	0.000000739797	0.000000458978	0.000000734202	0.000000384465
0.408163422368	0.380952749413	0.143546413188	0.000000807858	1.000000734469	0.000000025082	0.000000994741	1.000000153845	0.000000359346	0.000000307070	0.000000689738
0.714285938033	0.333333579079	0.146030085752	0.000000990628	1.000000743352	0.000000573122	0.000000385306	0.000000466235	1.000000778221	0.000000801292	0.000000734132
0.755102222778	0.523809987627	0.140393089891	0.000000986548	1.000000265830	0.000000882787	0.000000606065	1.000000785923	0.000000146037	0.000000193864	1.000000265565
0.326530935978	0.523809765952	0.705962688149	0.000000712212	0.000000023653	1.000000389043	0.000000955219	0.000000399909	1.000000587192	0.000000477869	0.000000983756
0.877551199766	0.285714564727	0.199985028303	0.000000276054	1.000000252475	0.000000530370	0.000000784944	0.000000967265	0.000000090874	1.000000313050	1.000000583620
0.102040889464	0.714286179140	0.002639070651	1.000000068862	0.000000276990	0.000000405193	0.000000370959	0.000000190711	1.000000014917	0.000000630485	1.000000326985
0.142857211351	0.285714363116	0.005878339146	1.000000613076	0.000000075322	0.000000913668	0.000000216662	0.000000762591	1.000000282021	0.000000863241	0.000000877007
0.673469468586	0.761904801941	0.080608913543	1.000000467764	0.000000692051	0.000000556695	0.000000026216	0.000000632150	1.000000877741	0.000000724874	0.000000379647
0.795918773039	0.190476227818	0.000955572000	0.000000736127	0.000000609246	1.000000314028	1.000000830952	0.000000890975	0.000000509606	0.000000707663	0.000000026600
0.204081825559	0.095238100152	0.609017637339	1.000000972418	0.000000434881	0.000000273366	1.000000003464	0.000000823461	0.000000536745	0.000000722438	0.000000584045
0.122449078029	0.714285761944	0.138397897934	0.000000535154	1.000000518005	0.000000932292	0.000000143787	0.000000919211	0.000000529395	1.000000551889	1.000000621584
0.040816358444	0.619048199607	0.003886895509	0.000000683490	0.000000350051	1.000000344945	1.000000072002	0.000000894210	0.000000067671	0.000000039228	0.000000425759
1.000000074707	0.380952623888	0.025675010622	1.000000963636	0.000000861653	0.000000535282	0.000000411681	0.000000017670	0.000000638963	1.000000184072	0.000000832506
0.367346979118	0.095238118185	0.317805661318	0.000000682179	1.000000974334	0.000000848830	0.000000498507	0.000000291410	1.000000743346	0.000000567432	1.000000462938
0.346939014857	0.285714491144	0.468389335395	1.000000513203	0.000000016471	0.000000164780	0.000000598483	0.000000278657	0.000000566367	1.000000777678	1.000000096817
0.816327066840	0.095238107328	0.152289463417	0.000000536070	1.000000862873	0.000000140313	0.000000670076	0.000000629127	0.000000828598	1.000000759355	0.000000168099
0.734694197851	0.523809970928	0.247709077289	0.000000250740	1.000000907384	0.000000909021	0.000000154678	0.000000597275	0.000000671314	1.000000256725	1.000000616923
0.714285763297	0.095238176865	0.003651778644	1.000000367500	0.000000227855	0.000000905312	0.000000529777	0.000000100587	0.000000687684	1.000000773910	1.000000582423
0.571428911092	0.857142906547	0.034537203262	1.000000417997	0.000000552883	0.000000736666	0.000000609179	0.000000114779	1.000000458839	0.000000723514	1.000000670731
0.142857270114	0.285714374113	0.141969982316	0.000000484413	1.000000889681	0.000000275609	0.000000824693	0.000000452790	1.000000204207	0.000000685595	0.000000782554
0.408163400117	0.190476309194	0.133308718148	0.000000593700	1.000000922450	0.000000393298	1.000000973626	0.000000224439	0.000000405472	0.000000948863	1.000000734695
0.000000864339	0.714286116178	0.277514781402	0.000000573718	1.000000540641	0.000000006580	0.000000166473	0.000000523618	1.000000513542	0.000000755981	1.000000159893
0.428571597190	0.523810039127	0.006231865052	0.000000418160	0.000000106474	1.000000360398	0.000000959184	0.000000139901	0.000000097910	1.000000924843	0.000000419361
0.959184184412	0.476190734688	0.002285838024	0.000000457152	0.000000321084	1.000000717432	0.000000904371	1.000000341443	0.000000047755	0.000000767699	1.000000512395
0.755102140622	0.000000641384	0.131128690661	0.000000880381	1.000000798681	0.000000876832	0.000000005837	0.000000026041	1.000000684193	0.000000480013	1.000000217421
0.428571497900	0.000000732200	0.004297926959	0.000000409641	0.000000708089	1.000000193937	1.000000810801	0.000000787236	0.000000893025	0.000000420918	0.000000948871
